-- Input: 50 2    0 6 60 1002

Order Summary
0 2 : ____________________________________________________________
1 3 : ____________________1____________________________1______1___
2 1 : ____________________________________1_______________________
3 2 : ____1________________________________1______________________
4 3 : ____1__1___1________________________________________________
5 2 : _________________1________________________________1_________
6 3 : ______________11_________________________________1__________
7 3 : _1_____________________________1________________________1___
8 3 : _____________1_____________1____________________1___________
9 3 : _____________________________________1___________1________1_
10 2 : __________________1__________________1______________________
11 3 : _________1_______________________11_________________________
12 2 : ___1________________________________________________1_______
13 2 : ________1________________________________1__________________
14 3 : _______________1__________1_____________________1___________
15 2 : ____1__________________1____________________________________
16 3 : ________________________________________1___________1____1__
17 3 : ________________1____1_____________________________1________
18 3 : _1_________________________________1______1_________________
19 3 : __________1_____________________________1_________1_________
20 2 : _____________________________1___1__________________________
21 3 : 1_________1____________________________1____________________
22 1 : ____________________________________________________1_______
23 2 : _____________1_________________1____________________________
24 3 : _____________________________1____1_________1_______________
25 2 : ________________1_________________________1_________________
26 3 : __1____11___________________________________________________
27 1 : ______________________1_____________________________________
28 3 : 1_________________________________________________1_1_______
29 1 : ____________________________________________________1_______
30 2 : ___________1____________________________1___________________
31 2 : ___________1_________________________1______________________
32 1 : ___1________________________________________________________
33 1 : _________________________________________________________1__
34 1 : _________________________________________________________1__
35 3 : __________________________1____________________1__________1_
36 1 : __________________1_________________________________________
37 2 : _____________________________11_____________________________
38 1 : ______________________________________________1_____________
39 3 : _____________________________________________________1______
40 2 : _____________________________________________________11_____
41 1 : _______________________________________________1____________
42 3 : __1_____1______________________________________________1____
43 2 : __1__________________________________________________1______
44 2 : _____________________________________________________1_1____
45 3 : ____________________________________________________________
46 3 : ______1______________________1___________1__________________
47 3 : ___1______________1___________________________1_____________
48 3 : _________1__________1______________________________________1
49 2 : ______________1__________1__________________________________

Order Summary
Oof = [0,0,0,0,2,0,0,0,0,0,0,0,0,0,0,0,0,0,0,0,0,0,0,0,0,0,0,0,0,0,0,0,0,0,0,0,0,0,0,0,0,0,0,0,0,0,0,0,0,0,0,0,0,0,0,0,0,0,0,0,],
[0,0,0,0,0,0,0,0,0,0,0,0,0,0,0,0,0,0,0,0,1,0,0,0,0,0,0,0,0,0,0,0,0,0,0,0,0,0,0,0,0,0,0,0,0,0,0,0,0,1,0,0,0,0,0,0,1,0,0,0,],
[0,0,0,0,0,0,0,0,0,0,0,0,0,0,0,0,0,0,0,0,0,0,0,0,0,0,0,0,0,0,0,0,0,0,0,0,1,0,0,0,0,0,0,0,0,0,0,0,0,0,0,0,0,0,0,0,0,0,0,0,],
[0,0,0,0,1,0,0,0,0,0,0,0,0,0,0,0,0,0,0,0,0,0,0,0,0,0,0,0,0,0,0,0,0,0,0,0,0,1,0,0,0,0,0,0,0,0,0,0,0,0,0,0,0,0,0,0,0,0,0,0,],
[0,0,0,0,1,0,0,1,0,0,0,1,0,0,0,0,0,0,0,0,0,0,0,0,0,0,0,0,0,0,0,0,0,0,0,0,0,0,0,0,0,0,0,0,0,0,0,0,0,0,0,0,0,0,0,0,0,0,0,0,],
[0,0,0,0,0,0,0,0,0,0,0,0,0,0,0,0,0,1,0,0,0,0,0,0,0,0,0,0,0,0,0,0,0,0,0,0,0,0,0,0,0,0,0,0,0,0,0,0,0,0,1,0,0,0,0,0,0,0,0,0,],
[0,0,0,0,0,0,0,0,0,0,0,0,0,0,1,1,0,0,0,0,0,0,0,0,0,0,0,0,0,0,0,0,0,0,0,0,0,0,0,0,0,0,0,0,0,0,0,0,0,1,0,0,0,0,0,0,0,0,0,0,],
[0,1,0,0,0,0,0,0,0,0,0,0,0,0,0,0,0,0,0,0,0,0,0,0,0,0,0,0,0,0,0,1,0,0,0,0,0,0,0,0,0,0,0,0,0,0,0,0,0,0,0,0,0,0,0,0,1,0,0,0,],
[0,0,0,0,0,0,0,0,0,0,0,0,0,1,0,0,0,0,0,0,0,0,0,0,0,0,0,1,0,0,0,0,0,0,0,0,0,0,0,0,0,0,0,0,0,0,0,0,1,0,0,0,0,0,0,0,0,0,0,0,],
[0,0,0,0,0,0,0,0,0,0,0,0,0,0,0,0,0,0,0,0,0,0,0,0,0,0,0,0,0,0,0,0,0,0,0,0,0,1,0,0,0,0,0,0,0,0,0,0,0,1,0,0,0,0,0,0,0,0,1,0,],
[0,0,0,0,0,0,0,0,0,0,0,0,0,0,0,0,0,0,1,0,0,0,0,0,0,0,0,0,0,0,0,0,0,0,0,0,0,1,0,0,0,0,0,0,0,0,0,0,0,0,0,0,0,0,0,0,0,0,0,0,],
[0,0,0,0,0,0,0,0,0,1,0,0,0,0,0,0,0,0,0,0,0,0,0,0,0,0,0,0,0,0,0,0,0,1,1,0,0,0,0,0,0,0,0,0,0,0,0,0,0,0,0,0,0,0,0,0,0,0,0,0,],
[0,0,0,1,0,0,0,0,0,0,0,0,0,0,0,0,0,0,0,0,0,0,0,0,0,0,0,0,0,0,0,0,0,0,0,0,0,0,0,0,0,0,0,0,0,0,0,0,0,0,0,0,1,0,0,0,0,0,0,0,],
[0,0,0,0,0,0,0,0,1,0,0,0,0,0,0,0,0,0,0,0,0,0,0,0,0,0,0,0,0,0,0,0,0,0,0,0,0,0,0,0,0,1,0,0,0,0,0,0,0,0,0,0,0,0,0,0,0,0,0,0,],
[0,0,0,0,0,0,0,0,0,0,0,0,0,0,0,1,0,0,0,0,0,0,0,0,0,0,1,0,0,0,0,0,0,0,0,0,0,0,0,0,0,0,0,0,0,0,0,0,1,0,0,0,0,0,0,0,0,0,0,0,],
[0,0,0,0,1,0,0,0,0,0,0,0,0,0,0,0,0,0,0,0,0,0,0,1,0,0,0,0,0,0,0,0,0,0,0,0,0,0,0,0,0,0,0,0,0,0,0,0,0,0,0,0,0,0,0,0,0,0,0,0,],
[0,0,0,0,0,0,0,0,0,0,0,0,0,0,0,0,0,0,0,0,0,0,0,0,0,0,0,0,0,0,0,0,0,0,0,0,0,0,0,0,1,0,0,0,0,0,0,0,0,0,0,0,1,0,0,0,0,1,0,0,],
[0,0,0,0,0,0,0,0,0,0,0,0,0,0,0,0,1,0,0,0,0,1,0,0,0,0,0,0,0,0,0,0,0,0,0,0,0,0,0,0,0,0,0,0,0,0,0,0,0,0,0,1,0,0,0,0,0,0,0,0,],
[0,1,0,0,0,0,0,0,0,0,0,0,0,0,0,0,0,0,0,0,0,0,0,0,0,0,0,0,0,0,0,0,0,0,0,1,0,0,0,0,0,0,1,0,0,0,0,0,0,0,0,0,0,0,0,0,0,0,0,0,],
[0,0,0,0,0,0,0,0,0,0,1,0,0,0,0,0,0,0,0,0,0,0,0,0,0,0,0,0,0,0,0,0,0,0,0,0,0,0,0,0,1,0,0,0,0,0,0,0,0,0,1,0,0,0,0,0,0,0,0,0,],
[0,0,0,0,0,0,0,0,0,0,0,0,0,0,0,0,0,0,0,0,0,0,0,0,0,0,0,0,0,1,0,0,0,1,0,0,0,0,0,0,0,0,0,0,0,0,0,0,0,0,0,0,0,0,0,0,0,0,0,0,],
[1,0,0,0,0,0,0,0,0,0,1,0,0,0,0,0,0,0,0,0,0,0,0,0,0,0,0,0,0,0,0,0,0,0,0,0,0,0,0,1,0,0,0,0,0,0,0,0,0,0,0,0,0,0,0,0,0,0,0,0,],
[0,0,0,0,0,0,0,0,0,0,0,0,0,0,0,0,0,0,0,0,0,0,0,0,0,0,0,0,0,0,0,0,0,0,0,0,0,0,0,0,0,0,0,0,0,0,0,0,0,0,0,0,1,0,0,0,0,0,0,0,],
[0,0,0,0,0,0,0,0,0,0,0,0,0,1,0,0,0,0,0,0,0,0,0,0,0,0,0,0,0,0,0,1,0,0,0,0,0,0,0,0,0,0,0,0,0,0,0,0,0,0,0,0,0,0,0,0,0,0,0,0,],
[0,0,0,0,0,0,0,0,0,0,0,0,0,0,0,0,0,0,0,0,0,0,0,0,0,0,0,0,0,1,0,0,0,0,1,0,0,0,0,0,0,0,0,0,1,0,0,0,0,0,0,0,0,0,0,0,0,0,0,0,],
[0,0,0,0,0,0,0,0,0,0,0,0,0,0,0,0,1,0,0,0,0,0,0,0,0,0,0,0,0,0,0,0,0,0,0,0,0,0,0,0,0,0,1,0,0,0,0,0,0,0,0,0,0,0,0,0,0,0,0,0,],
[0,0,1,0,0,0,0,1,1,0,0,0,0,0,0,0,0,0,0,0,0,0,0,0,0,0,0,0,0,0,0,0,0,0,0,0,0,0,0,0,0,0,0,0,0,0,0,0,0,0,0,0,0,0,0,0,0,0,0,0,],
[0,0,0,0,0,0,0,0,0,0,0,0,0,0,0,0,0,0,0,0,0,0,1,0,0,0,0,0,0,0,0,0,0,0,0,0,0,0,0,0,0,0,0,0,0,0,0,0,0,0,0,0,0,0,0,0,0,0,0,0,],
[1,0,0,0,0,0,0,0,0,0,0,0,0,0,0,0,0,0,0,0,0,0,0,0,0,0,0,0,0,0,0,0,0,0,0,0,0,0,0,0,0,0,0,0,0,0,0,0,0,0,1,0,1,0,0,0,0,0,0,0,],
[0,0,0,0,0,0,0,0,0,0,0,0,0,0,0,0,0,0,0,0,0,0,0,0,0,0,0,0,0,0,0,0,0,0,0,0,0,0,0,0,0,0,0,0,0,0,0,0,0,0,0,0,1,0,0,0,0,0,0,0,],
[0,0,0,0,0,0,0,0,0,0,0,1,0,0,0,0,0,0,0,0,0,0,0,0,0,0,0,0,0,0,0,0,0,0,0,0,0,0,0,0,1,0,0,0,0,0,0,0,0,0,0,0,0,0,0,0,0,0,0,0,],
[0,0,0,0,0,0,0,0,0,0,0,1,0,0,0,0,0,0,0,0,0,0,0,0,0,0,0,0,0,0,0,0,0,0,0,0,0,1,0,0,0,0,0,0,0,0,0,0,0,0,0,0,0,0,0,0,0,0,0,0,],
[0,0,0,1,0,0,0,0,0,0,0,0,0,0,0,0,0,0,0,0,0,0,0,0,0,0,0,0,0,0,0,0,0,0,0,0,0,0,0,0,0,0,0,0,0,0,0,0,0,0,0,0,0,0,0,0,0,0,0,0,],
[0,0,0,0,0,0,0,0,0,0,0,0,0,0,0,0,0,0,0,0,0,0,0,0,0,0,0,0,0,0,0,0,0,0,0,0,0,0,0,0,0,0,0,0,0,0,0,0,0,0,0,0,0,0,0,0,0,1,0,0,],
[0,0,0,0,0,0,0,0,0,0,0,0,0,0,0,0,0,0,0,0,0,0,0,0,0,0,0,0,0,0,0,0,0,0,0,0,0,0,0,0,0,0,0,0,0,0,0,0,0,0,0,0,0,0,0,0,0,1,0,0,],
[0,0,0,0,0,0,0,0,0,0,0,0,0,0,0,0,0,0,0,0,0,0,0,0,0,0,1,0,0,0,0,0,0,0,0,0,0,0,0,0,0,0,0,0,0,0,0,1,0,0,0,0,0,0,0,0,0,0,1,0,],
[0,0,0,0,0,0,0,0,0,0,0,0,0,0,0,0,0,0,1,0,0,0,0,0,0,0,0,0,0,0,0,0,0,0,0,0,0,0,0,0,0,0,0,0,0,0,0,0,0,0,0,0,0,0,0,0,0,0,0,0,],
[0,0,0,0,0,0,0,0,0,0,0,0,0,0,0,0,0,0,0,0,0,0,0,0,0,0,0,0,0,1,1,0,0,0,0,0,0,0,0,0,0,0,0,0,0,0,0,0,0,0,0,0,0,0,0,0,0,0,0,0,],
[0,0,0,0,0,0,0,0,0,0,0,0,0,0,0,0,0,0,0,0,0,0,0,0,0,0,0,0,0,0,0,0,0,0,0,0,0,0,0,0,0,0,0,0,0,0,1,0,0,0,0,0,0,0,0,0,0,0,0,0,],
[2,0,0,0,0,0,0,0,0,0,0,0,0,0,0,0,0,0,0,0,0,0,0,0,0,0,0,0,0,0,0,0,0,0,0,0,0,0,0,0,0,0,0,0,0,0,0,0,0,0,0,0,0,1,0,0,0,0,0,0,],
[0,0,0,0,0,0,0,0,0,0,0,0,0,0,0,0,0,0,0,0,0,0,0,0,0,0,0,0,0,0,0,0,0,0,0,0,0,0,0,0,0,0,0,0,0,0,0,0,0,0,0,0,0,1,1,0,0,0,0,0,],
[0,0,0,0,0,0,0,0,0,0,0,0,0,0,0,0,0,0,0,0,0,0,0,0,0,0,0,0,0,0,0,0,0,0,0,0,0,0,0,0,0,0,0,0,0,0,0,1,0,0,0,0,0,0,0,0,0,0,0,0,],
[0,0,1,0,0,0,0,0,1,0,0,0,0,0,0,0,0,0,0,0,0,0,0,0,0,0,0,0,0,0,0,0,0,0,0,0,0,0,0,0,0,0,0,0,0,0,0,0,0,0,0,0,0,0,0,1,0,0,0,0,],
[0,0,1,0,0,0,0,0,0,0,0,0,0,0,0,0,0,0,0,0,0,0,0,0,0,0,0,0,0,0,0,0,0,0,0,0,0,0,0,0,0,0,0,0,0,0,0,0,0,0,0,0,0,1,0,0,0,0,0,0,],
[0,0,0,0,0,0,0,0,0,0,0,0,0,0,0,0,0,0,0,0,0,0,0,0,0,0,0,0,0,0,0,0,0,0,0,0,0,0,0,0,0,0,0,0,0,0,0,0,0,0,0,0,0,1,0,1,0,0,0,0,],
[0,0,0,0,0,0,0,0,0,0,0,0,0,0,0,0,0,0,0,0,0,0,0,0,0,0,0,0,0,3,0,0,0,0,0,0,0,0,0,0,0,0,0,0,0,0,0,0,0,0,0,0,0,0,0,0,0,0,0,0,],
[0,0,0,0,0,0,1,0,0,0,0,0,0,0,0,0,0,0,0,0,0,0,0,0,0,0,0,0,0,1,0,0,0,0,0,0,0,0,0,0,0,1,0,0,0,0,0,0,0,0,0,0,0,0,0,0,0,0,0,0,],
[0,0,0,1,0,0,0,0,0,0,0,0,0,0,0,0,0,0,1,0,0,0,0,0,0,0,0,0,0,0,0,0,0,0,0,0,0,0,0,0,0,0,0,0,0,0,1,0,0,0,0,0,0,0,0,0,0,0,0,0,],
[0,0,0,0,0,0,0,0,0,1,0,0,0,0,0,0,0,0,0,0,1,0,0,0,0,0,0,0,0,0,0,0,0,0,0,0,0,0,0,0,0,0,0,0,0,0,0,0,0,0,0,0,0,0,0,0,0,0,0,1,],
[0,0,0,0,0,0,0,0,0,0,0,0,0,0,1,0,0,0,0,0,0,0,0,0,0,1,0,0,0,0,0,0,0,0,0,0,0,0,0,0,0,0,0,0,0,0,0,0,0,0,0,0,0,0,0,0,0,0,0,0,],
];

Order Summar II
0 2 : 5 0 0 0 0 0
1 3 : 0 0 1 0 10 4
2 1 : 0 0 0 4 0 0
3 2 : 5 0 0 3 0 0
4 3 : 8 9 0 0 0 0
5 2 : 0 3 0 0 0 10
6 3 : 0 6 0 0 10 0
7 3 : 2 0 0 9 0 4
8 3 : 0 7 8 0 9 0
9 3 : 0 0 0 3 10 2
10 2 : 0 2 0 3 0 0
11 3 : 10 0 0 7 0 0
12 2 : 4 0 0 0 0 8
13 2 : 9 0 0 0 2 0
14 3 : 0 5 7 0 9 0
15 2 : 5 0 4 0 0 0
16 3 : 0 0 0 0 1 8
17 3 : 0 4 2 0 0 9
18 3 : 2 0 0 5 3 0
19 3 : 0 10 0 0 1 10
20 2 : 0 0 10 7 0 0
21 3 : 1 10 0 1 0 0
22 1 : 0 0 0 0 0 8
23 2 : 0 7 0 9 0 0
24 3 : 0 0 10 6 5 0
25 2 : 0 4 0 0 3 0
26 3 : 9 0 0 0 0 0
27 1 : 0 0 3 0 0 0
28 3 : 1 0 0 0 0 10
29 1 : 0 0 0 0 0 8
30 2 : 0 9 0 0 1 0
31 2 : 0 9 0 3 0 0
32 1 : 4 0 0 0 0 0
33 1 : 0 0 0 0 0 3
34 1 : 0 0 0 0 0 3
35 3 : 0 0 7 0 8 2
36 1 : 0 2 0 0 0 0
37 2 : 0 0 10 10 0 0
38 1 : 0 0 0 0 7 0
39 3 : 1 0 0 0 0 7
40 2 : 0 0 0 0 0 7
41 1 : 0 0 0 0 8 0
42 3 : 9 0 0 0 0 5
43 2 : 3 0 0 0 0 7
44 2 : 0 0 0 0 0 7
45 3 : 0 0 10 0 0 0
46 3 : 7 0 10 0 2 0
47 3 : 4 2 0 0 7 0
48 3 : 10 0 1 0 0 1
49 2 : 0 6 6 0 0 0

Order Summar II
Capa = [2, 3, 1, 2, 3, 2, 3, 3, 3, 3, 2, 3, 2, 2, 3, 2, 3, 3, 3, 3, 2, 3, 1, 2, 3, 2, 3, 1, 3, 1, 2, 2, 1, 1, 1, 3, 1, 2, 1, 3, 2, 1, 3, 2, 2, 3, 3, 3, 3, 2, ];

CPLEX format
numOrder = 50
numAisle = 6
--storageMode = 0, rand seed = 1002
Vrda = [[ 1,0,0,0,0,0,],
[ 0,0,1,0,1,1,],
[ 0,0,0,1,0,0,],
[ 1,0,0,1,0,0,],
[ 1,1,0,0,0,0,],
[ 0,1,0,0,0,1,],
[ 0,1,0,0,1,0,],
[ 1,0,0,1,0,1,],
[ 0,1,1,0,1,0,],
[ 0,0,0,1,1,1,],
[ 0,1,0,1,0,0,],
[ 1,0,0,1,0,0,],
[ 1,0,0,0,0,1,],
[ 1,0,0,0,1,0,],
[ 0,1,1,0,1,0,],
[ 1,0,1,0,0,0,],
[ 0,0,0,0,1,1,],
[ 0,1,1,0,0,1,],
[ 1,0,0,1,1,0,],
[ 0,1,0,0,1,1,],
[ 0,0,1,1,0,0,],
[ 1,1,0,1,0,0,],
[ 0,0,0,0,0,1,],
[ 0,1,0,1,0,0,],
[ 0,0,1,1,1,0,],
[ 0,1,0,0,1,0,],
[ 1,0,0,0,0,0,],
[ 0,0,1,0,0,0,],
[ 1,0,0,0,0,1,],
[ 0,0,0,0,0,1,],
[ 0,1,0,0,1,0,],
[ 0,1,0,1,0,0,],
[ 1,0,0,0,0,0,],
[ 0,0,0,0,0,1,],
[ 0,0,0,0,0,1,],
[ 0,0,1,0,1,1,],
[ 0,1,0,0,0,0,],
[ 0,0,1,1,0,0,],
[ 0,0,0,0,1,0,],
[ 1,0,0,0,0,1,],
[ 0,0,0,0,0,1,],
[ 0,0,0,0,1,0,],
[ 1,0,0,0,0,1,],
[ 1,0,0,0,0,1,],
[ 0,0,0,0,0,1,],
[ 0,0,1,0,0,0,],
[ 1,0,1,0,1,0,],
[ 1,1,0,0,1,0,],
[ 1,0,1,0,0,1,],
[ 0,1,1,0,0,0,],
],