 numDepot = 3;
 numBatch = 5;
 numOrder = 50;
 numAisle = 6;
 numRoute = 12;
 CAPA = 12;
 Lrda = [[[1, 1, 0, 0, 0, 0], [1, 0, 0, 1, 0, 0], [1, 0, 0, 0, 0, 1],
          [1, 1, 1, 1, 0, 0], [1, 1, 1, 0, 0, 1], [1, 1, 0, 0, 1, 1],
          [1, 0, 0, 1, 1, 1], [0, 0, 1, 1, 0, 0], [0, 0, 1, 0, 0, 1],
          [0, 0, 1, 1, 1, 1], [0, 0, 0, 0, 1, 1], [1, 1, 1, 1, 1, 1]],

          [[1, 1, 0, 0, 0, 0], [1, 0, 0, 1, 0, 0], [1, 0, 0, 0, 0, 1],
          [1, 1, 1, 1, 0, 0], [1, 1, 1, 0, 0, 1], [1, 1, 0, 0, 1, 1],
          [1, 0, 0, 1, 1, 1], [0, 0, 1, 1, 0, 0], [0, 0, 1, 0, 0, 1],
          [0, 0, 1, 1, 1, 1], [0, 0, 0, 0, 1, 1], [1, 1, 1, 1, 1, 1]],

          [[1, 1, 0, 0, 0, 0], [1, 0, 0, 1, 0, 0], [1, 0, 0, 0, 0, 1],
          [1, 1, 1, 1, 0, 0], [1, 1, 1, 0, 0, 1], [1, 1, 0, 0, 1, 1],
          [1, 0, 0, 1, 1, 1], [0, 0, 1, 1, 0, 0], [0, 0, 1, 0, 0, 1],
          [0, 0, 1, 1, 1, 1], [0, 0, 0, 0, 1, 1], [1, 1, 1, 1, 1, 1]]];
 LT = [[24, 32, 40, 52, 60, 60, 60, 32, 40, 60, 40, 80],
       [30, 32, 40, 52, 60, 60, 60, 24, 32, 52, 30, 80],
       [40, 40, 40, 60, 60, 60, 60, 32, 32, 52, 24, 80]];