 numDepot = 2;
 numBatch = 5;
 numOrder = 50;
 numAisle = 6;
 numRoute = 12;
 CAPA = 10;
 Lrda = [[[1, 1, 0, 0, 0, 0], [1, 0, 0, 1, 0, 0], [1, 0, 0, 0, 0, 1],
          [1, 1, 1, 1, 0, 0], [1, 1, 1, 0, 0, 1], [1, 1, 0, 0, 1, 1],
          [1, 0, 0, 1, 1, 1], [0, 0, 1, 1, 0, 0], [0, 0, 1, 0, 0, 1],
          [0, 0, 1, 1, 1, 1], [0, 0, 0, 0, 1, 1], [1, 1, 1, 1, 1, 1]],

         [[1, 1, 0, 0, 0, 0], [1, 0, 0, 1, 0, 0], [1, 0, 0, 0, 0, 1],
         [1, 1, 1, 1, 0, 0], [1, 1, 1, 0, 0, 1], [1, 1, 0, 0, 1, 1],
         [1, 0, 0, 1, 1, 1], [0, 0, 1, 1, 0, 0], [0, 0, 1, 0, 0, 1],
         [0, 0, 1, 1, 1, 1], [0, 0, 0, 0, 1, 1], [1, 1, 1, 1, 1, 1]]];
 LT = [[24, 32, 40, 52, 60, 60, 60, 32, 40, 60, 40, 80],
       [32, 32, 40, 52, 60, 60, 60, 24, 32, 52, 32, 80]];